0:1;3;4;5;8;9;10;11;12;13;15;16;20;21;22;23;24;57;80;14;17;18;19;25;31;33;86;90;
1:0;2;3;5;6;7;9;10;11;12;13;15;18;19;20;22;34;36;55;80;8;16;21;24;39;44;56;81;91;
2:0;1;4;6;9;12;13;14;15;17;18;19;21;22;31;32;3;5;7;35;47;
3:0;1;2;4;5;7;8;9;10;16;17;19;20;23;24;39;53;80;6;11;12;13;14;15;18;22;30;55;64;71;77;82;99;
4:1;3;5;6;7;10;11;12;14;15;16;17;18;21;36;45;48;60;63;74;0;2;8;19;22;23;56;87;91;96;
5:0;1;2;3;7;8;9;13;16;18;20;21;22;24;53;87;10;11;14;17;19;23;35;59;83;
6:2;4;7;9;10;11;14;17;18;20;21;22;23;29;60;75;80;96;3;12;25;36;56;66;74;
7:0;1;3;4;10;11;13;14;15;16;19;20;21;22;24;32;35;42;53;68;69;87;2;5;8;12;47;61;
8:1;6;7;9;11;13;15;16;17;18;19;21;22;23;33;71;85;91;0;2;3;38;64;79;96;
9:1;2;4;10;12;13;14;20;21;33;34;45;76;87;94;3;6;15;16;18;23;25;64;77;
10:0;1;3;6;7;8;9;11;12;13;14;15;16;17;18;21;22;23;65;68;90;2;4;20;52;53;60;75;85;
11:0;3;5;6;9;12;13;14;15;17;18;19;21;22;23;30;69;96;1;2;7;8;16;20;24;25;42;79;90;
12:0;1;2;3;4;5;6;11;13;14;15;16;22;23;24;43;72;79;90;7;8;9;17;20;21;58;92;
13:0;1;2;8;9;10;12;14;15;16;17;18;22;33;56;80;82;84;5;11;20;24;57;85;
14:1;3;4;7;9;11;12;13;16;21;24;54;55;56;60;66;85;0;5;8;10;15;17;18;20;67;
15:0;1;2;5;6;8;9;11;12;13;16;21;24;47;67;81;86;3;10;14;17;19;20;22;48;59;61;79;
16:1;2;3;4;7;8;9;11;13;14;15;18;22;23;24;36;94;6;12;17;25;41;47;66;86;
17:0;1;4;6;7;8;10;11;12;13;14;18;20;23;31;54;66;5;9;24;44;
18:0;1;4;5;7;8;11;13;14;19;20;23;24;43;51;2;3;6;9;12;15;16;17;21;35;47;68;83;87;
19:0;1;4;5;6;7;11;12;13;14;16;21;22;24;72;81;3;9;10;15;17;18;43;54;60;64;73;80;
20:2;4;5;7;9;10;11;12;13;16;18;19;22;23;24;44;64;85;0;6;15;74;87;89;
21:0;2;3;4;5;9;10;15;19;20;22;24;36;41;72;77;78;84;6;7;8;11;13;16;17;18;58;79;
22:1;3;6;7;8;10;12;13;14;15;18;23;24;43;55;2;17;20;
23:2;4;6;7;8;10;11;12;13;17;18;19;21;30;75;79;81;86;9;14;22;50;52;71;73;
24:0;2;3;6;8;10;11;12;14;16;18;21;22;23;41;67;1;4;5;9;13;15;17;19;20;68;74;
25:4;26;27;29;30;31;33;34;36;38;39;40;43;44;45;46;48;59;90;32;37;41;42;91;98;
26:19;25;27;28;32;33;35;36;37;39;40;41;42;43;45;47;49;61;62;99;17;29;30;34;44;46;48;59;64;87;93;
27:2;25;28;30;31;34;35;36;37;38;42;44;45;48;49;68;81;82;84;89;0;20;29;32;33;39;40;41;47;72;83;95;
28:6;20;25;26;27;31;34;38;42;43;45;46;47;48;71;74;79;29;30;33;37;39;41;44;57;96;
29:27;28;30;31;33;34;36;37;40;41;42;43;44;45;46;47;63;97;25;26;32;35;38;39;48;78;94;
30:9;25;27;29;31;32;35;37;39;40;42;43;44;45;46;47;49;53;54;62;65;69;70;73;84;28;33;34;48;67;81;
31:8;9;19;25;26;32;33;34;35;36;37;38;39;40;42;43;44;45;46;47;49;62;69;85;7;28;29;
32:2;4;11;17;21;25;26;28;29;31;33;34;39;41;42;43;58;88;95;27;30;36;37;38;44;45;46;47;49;99;
33:25;29;30;31;36;37;39;40;41;43;44;46;47;54;56;91;92;26;27;28;32;34;35;45;48;49;66;67;69;72;
34:17;25;26;27;29;30;32;33;35;36;37;38;39;40;45;49;52;55;56;76;83;16;43;46;61;93;
35:8;9;20;25;26;27;28;29;30;32;33;34;36;37;40;41;42;45;46;47;49;77;99;2;7;31;39;43;48;84;
36:33;34;37;38;39;41;42;43;44;45;46;47;48;49;62;78;11;23;25;26;28;29;30;32;50;71;82;86;90;
37:6;25;26;27;28;29;32;34;38;39;40;43;46;94;0;18;31;33;36;45;47;54;63;80;85;
38:18;25;26;27;28;29;32;34;36;37;39;42;45;48;49;56;83;94;16;17;22;30;31;33;35;40;41;43;47;50;
39:24;31;34;35;36;38;42;43;44;45;46;47;49;55;62;13;26;40;41;48;64;84;
40:25;27;28;30;31;32;34;35;41;42;43;45;46;47;48;55;90;29;37;39;44;61;94;
41:3;12;25;26;27;28;29;31;33;34;37;38;42;44;45;46;48;69;88;32;35;36;40;49;60;65;76;
42:25;28;31;33;35;36;37;38;39;43;44;47;48;49;64;69;22;26;29;41;46;67;68;91;98;
43:17;19;22;26;27;28;29;30;32;33;35;37;38;42;44;45;46;47;48;49;93;25;34;39;40;41;65;74;98;
44:9;15;25;27;28;29;31;33;35;36;37;39;41;42;43;45;46;47;57;61;73;80;95;19;30;32;38;48;49;54;99;
45:25;26;28;29;34;35;37;40;41;47;48;57;60;78;27;30;32;39;42;43;46;85;
46:1;3;25;27;28;32;33;34;36;38;39;41;42;47;48;70;71;77;83;90;94;96;0;18;29;30;35;40;45;49;
47:5;21;25;28;30;31;32;34;36;38;39;40;42;43;44;46;48;49;52;54;59;70;9;26;29;33;35;37;41;45;84;
48:25;26;27;29;30;34;36;38;39;40;41;42;43;44;47;50;52;63;85;7;28;31;32;37;49;65;
49:22;26;29;30;31;33;34;38;39;42;43;45;46;47;48;86;92;32;37;41;56;71;
50:1;9;21;52;54;55;56;58;59;62;63;64;66;67;68;69;71;72;74;82;30;37;51;61;70;73;78;
51:50;52;54;56;58;59;61;62;66;67;69;70;71;72;88;17;31;34;40;53;55;60;63;64;68;74;81;
52:50;51;53;54;55;56;58;59;60;61;65;66;67;68;69;70;86;10;57;63;64;72;74;77;84;94;
53:6;23;51;54;56;62;63;64;65;68;70;71;73;74;1;12;25;50;52;55;57;58;59;61;66;67;69;86;
54:9;15;44;50;52;53;56;57;60;64;66;67;69;70;71;73;74;26;48;51;55;59;61;63;65;88;
55:7;12;50;56;59;60;61;63;64;65;66;67;69;70;71;72;73;76;83;14;44;53;54;58;62;74;96;
56:44;52;53;54;55;57;58;59;60;62;64;65;70;72;73;77;47;51;61;63;68;71;
57:25;27;33;50;52;53;54;55;58;59;61;62;63;64;66;67;68;70;71;73;74;78;1;10;18;21;51;72;81;91;
58:26;50;52;53;54;55;56;59;60;64;66;67;68;69;70;72;74;79;2;3;18;24;29;51;57;61;63;65;71;77;
59:50;51;52;53;55;56;58;61;62;63;64;65;66;68;71;73;8;10;15;23;26;49;54;67;69;72;93;
60:0;19;34;50;51;56;58;61;62;63;64;65;66;67;68;71;72;74;95;96;99;26;54;55;59;69;70;76;
61:7;23;29;34;50;52;53;54;55;56;57;60;65;66;68;69;70;72;73;19;21;36;49;51;59;71;74;80;88;
62:51;52;53;55;56;60;63;64;66;68;69;71;72;73;74;80;84;17;54;58;61;67;70;82;
63:31;41;44;50;52;53;54;56;59;61;62;65;66;68;69;70;71;73;74;5;67;
64:22;37;51;52;53;54;55;56;57;60;62;63;71;72;73;79;83;8;9;58;59;61;65;66;69;70;
65:1;3;7;17;18;19;23;50;51;52;54;55;56;58;59;60;62;63;64;66;67;69;70;71;72;74;88;2;42;53;68;80;84;85;95;
66:8;50;51;53;54;55;56;58;60;61;64;69;70;71;72;75;83;95;97;19;48;62;63;65;68;73;
67:3;49;50;51;52;54;55;56;57;59;60;61;63;64;66;68;69;70;71;72;74;24;27;62;65;73;75;85;86;98;
68:0;37;39;51;52;53;57;61;63;64;66;67;69;71;72;73;74;76;84;9;24;25;54;60;65;
69:0;51;53;54;55;57;60;61;63;65;67;70;71;72;74;99;23;25;56;58;62;64;73;
70:12;30;47;50;54;55;56;57;58;59;67;68;72;73;77;45;52;53;61;64;65;74;86;90;
71:16;34;35;53;55;58;62;64;65;66;68;70;72;73;74;18;47;50;52;56;57;59;63;67;69;
72:14;20;45;48;51;52;53;58;62;63;65;66;69;70;71;73;77;92;28;31;54;55;57;59;64;68;75;83;
73:37;50;53;54;55;57;59;62;63;64;67;70;74;28;29;52;58;60;65;66;72;85;
74:12;42;50;53;54;55;57;58;60;63;64;66;68;69;70;71;72;73;83;21;26;51;52;59;61;62;67;86;
75:18;30;56;74;76;77;78;80;82;83;84;86;87;94;95;97;98;99;10;36;70;79;85;90;91;92;93;
76:15;25;31;75;77;85;86;90;91;92;94;95;97;98;99;2;4;38;49;68;70;79;80;82;83;88;93;
77:32;61;66;75;76;78;80;81;82;83;88;91;92;93;94;95;97;98;79;84;85;86;87;89;90;96;99;
78:8;12;33;49;72;74;76;84;86;87;89;90;91;92;93;95;96;97;98;99;6;19;47;60;63;75;79;80;81;82;83;85;
79:4;23;38;69;76;77;78;80;81;82;83;88;89;90;91;92;93;94;96;53;54;62;68;75;84;85;87;95;97;98;99;
80:48;59;62;75;76;78;79;81;82;83;88;90;91;92;93;98;0;1;15;39;54;84;85;95;
81:9;45;75;76;77;78;82;83;84;85;87;89;90;92;93;96;98;99;30;37;41;58;70;80;94;97;
82:76;77;84;86;87;88;91;93;94;95;97;7;32;36;52;75;79;80;81;90;92;96;98;99;
83:20;24;32;36;77;87;88;89;92;93;95;97;29;71;75;78;80;84;85;86;90;91;96;98;99;
84:0;1;62;76;77;78;79;80;81;82;83;85;86;88;89;92;93;94;95;96;97;98;27;58;75;87;99;
85:32;51;59;71;75;77;78;79;80;81;83;87;88;90;91;93;95;98;24;73;76;84;89;94;96;97;99;
86:6;8;60;66;70;75;76;78;80;82;83;84;85;88;89;91;93;95;96;30;48;79;87;92;98;
87:16;51;75;76;78;81;82;83;84;85;86;89;91;93;94;95;96;97;99;15;41;47;79;88;98;
88:27;75;77;78;80;81;82;83;85;86;87;91;93;94;95;98;2;4;8;20;43;58;76;79;89;92;
89:2;7;20;25;51;75;76;77;78;81;83;84;85;86;87;88;90;91;93;94;95;96;98;79;80;82;92;97;
90:14;21;28;33;56;75;76;77;79;80;82;83;86;87;88;89;91;93;94;96;98;99;2;11;41;69;70;73;78;84;85;92;97;
91:8;35;75;76;77;79;80;82;84;86;87;88;92;93;95;97;69;78;81;83;89;94;96;98;
92:21;38;75;77;78;79;80;82;83;84;85;87;90;91;93;96;97;98;99;69;86;88;89;95;
93:66;75;76;78;79;83;84;85;88;92;94;95;97;98;0;26;59;67;77;80;81;87;89;90;91;96;
94:8;20;36;49;55;57;75;76;77;81;82;83;85;86;87;89;90;91;92;95;96;99;42;59;67;68;79;97;
95:2;5;9;24;30;69;78;80;81;82;84;85;88;91;92;94;96;98;99;12;16;23;41;52;65;67;75;79;83;86;87;93;97;
96:16;44;75;76;78;79;80;81;82;83;87;88;89;92;94;97;99;13;33;45;51;68;77;85;86;90;91;
97:6;13;75;76;77;78;80;81;83;88;89;90;91;92;95;98;45;49;82;84;86;87;93;96;99;
98:5;22;76;77;82;84;85;87;88;90;92;93;94;95;96;99;58;75;79;81;91;97;
99:25;40;45;56;57;75;78;79;80;81;82;83;85;88;91;92;96;97;98;10;19;48;71;76;86;87;89;90;
